000940001066
010140004384
010620651452
010840000456
010940001884
011040003414
021240001030
021240004769
030240015872
030440001403
030540005539
030940000225
031040002182
031140005517
040024015973
040440002087
040540005719
040540015568
040640010570
040740005230
041040000613
041040000722
041140002227
041240010876
050240004939
050240005066
050740001903
050940008155
051240008846
051240009755
051240012775
060140002238
060340008859
060440000798
060640002692
060640009917
061140012743
061240000040
070240006256
070240016085
070240020003
070340012541
070440011081
070740000493
070740000740
070740004515
070740013495
070940019263
070940020089
071140010729